0 -446.40190666666666 -9.18 144436645356014616006110550256226202161522125632436102220162615604432203320230233206643505264145432601461445211063456152036503012035462024413210323201233004201213361546446636143253002006256661230151221266264456604003323032634443433306052065310
10 -40.261986666666665 8.2 214250421540143020223233305053654410440353400636311241635365254501234310551056060164142100535610546240256253663523423330412450566022335245163105044451426343121613331646446636143253002006256661315453651610254453155143022116226365320333422363112
20 1.2894666666666668 9.6 230030000046226243125361263632126120650461225226361526562265241216214052006204141044010024615151260151046342124030050035264133315311340234162626413540401616522550651661452253614241626346256661315453651610254453155201060026006351552133250543002
30 4.48208 12.6 053055213013436126310603256350451045041200644411462241254402362104334213420230200000666211646151260101211364316654114113362444441446343630424415415116533523552105351661452253614241626342261114264453651610254453155143022166244101350406104343122
40 8.207413333333333 18.5 402662145142331254321333051653654410440353400636311241635363254501243222106350610164142105152644146551036064313130662464661151552124513635364045351540401616522550651661452253614253002006261114264453651610254451334643022116224101350052112242166
50 10.530986666666667 18.1 652163445324243050223633022410054101331216006662003164246606333201232013463316211164210655123056041031214264312654114112166422352124513630424415413640401623552105651661452256143253266411461114264453651610254451334643022116224101350056304342166
60 11.827373333333334 20.6 214255424464465405223633051653654410440353400636311202660220314455634466304361263404155063252651260101211364316654114113362444016146342443366520323201233016522550651661452253614253006342261114264453651610254453155143022116224101350052112242166
70 12.211893333333334 22.5 652166051256265453042333051653654420650254040664461502245363254501243222426350611452200012355051260101211364316654114113362444441426343630424415423201233523552550651661452253614253626342261111315453651610254453355146053435544565605406456516054
80 13.69868 31.4 652166051256265453042333451653656120650253400636311241635363254505022002106506311452255063252651260101061054316654114112166422352126362635224415415116533523552550651661452253614253006006223111315453651610254453155410040216624101602205062052166
90 15.460706666666667 42.14 652166051256265453042333051350654410650253400636461522244605254501243222106350062656251022355051260101211364316654114152010165416123202635266505415540401616522550651661452253614253002006223111315453651610254451334643453435544100602205062051433
100 17.21212 52.38 652166051256265453042333251653656120650254040666311241635363254501243222551314062652255063253051260101211364316653456152061154441423513630424415415540401616522550651661452256114251602006261114264453651610254453155143022116224060602405062051433
