0 -228.18504000000001 -23.7 232610245342412456615234620153133522061544211031621135032041120200136405301124013610004142206135145162165512105623216143110111124024025430154251220144246424141254620220163503340522636056262604152411226166444141331520452261615210201054500151301
10 -30.045180000000002 2.71 242614212033510123125316101344132120420020626035522546610353031104362106100500053554054534215266013165204232361432520153365664432656436334233113455023212536600546354056455040201250540155111413350452343320244363226403634411645521651540310652414
20 2.33811 7.7 455205003423523231360041645222104112506226402642165342016546421104036064010460243004436414424326412155312305343240112502160016603646545202124213612023212536600546354056455040201250540155123230306450154525454436221353223426005652021460413452340
30 5.59884 8.95 356234602224310001143116101344132120420020626035522546223650513100215633646122510203614002656310540403260002363356110510500423305202436334233113455023212536600546354056455040201250540155121153314450154546254430044431501215121454435066526303341
40 7.56415 13.05 456234602226360651220530261332101656251223153646231505254300515364446623611361156041322264450235210650406400366312615541444603152656436334233513455023212536600546354056455040201250540155123153314450151456254430043550430461322321453140362465405
50 9.61881 13.7 354134640151420251104656061616614452436013255564645146010264110031335405203135243004436414424326416103260002363356110510023410305202536325103320062663212536600546354056455040201250540155123153314450151456254430043550430461322321453140362410411
60 11.42213 18.35 356234602221420251462562463353031156251013253642522546610353052501320216155460245312312414402250624025364032345433410424223410333510034552565510655023212536600546354056455040201250540155121153314450151456254430043550430461212443333140362465401
70 13.97913 23.0 356232452251420251462562463353031156251013253642565220306452461123500022155460245312312664450235210655312305363351216122460423303602536334265513455023212536600546354056455040201250540155123153314450151456254430043550430463412321122663042465405
80 15.57417 26.1 356232452251420251141021435153031156252133153106231053445451513450302633643135243004436414402250624025406400366312616451660423303603613652565513455023212536600546354056455040201250540155123153314450151456254430043553223656012432453140362466412
90 18.34291 30.3 356232452251420251141021435153031156252133253106231053454331421111335400653661145312312414402235210650406400303151460330000420335202536355565513455023212536600546354056455040201250540155121153314450151456254430043550430461322321453140362460411
100 20.27805 31.2 356232452251420251141021435153031156252133253642422053423650250031310425603135243312312414402250624020406305303151466122460423303652536355103320062023212536600546354056455040201250540155123153314450151456254430043550430461322321453152255566101
110 21.41796 36.25 356234452251420251462562463153031156252133253106231053423653052501325240653442156312312654402250655055312305303151150322425603152656436334565513455023201036600546354056455040201250540155123153314450151456254430043550430461322321453252231553145
120 23.37887 39.0 356234022251420251141021435153031156252133253646231046610331052501320216155460243004312414402250624155312305303151466151660423303602536355103320062623212536600546354056455040201250540155121153314450151456254430043550430461322321453143562410412
130 27.02029 41.85 356234652251420251142521435153031156252133253642451042254331052501320200653135243002312664402250624015462305303152466151660423305202436364024213662623201036600546354056455040201250540155123153314450151456254430043550430461322321453140022465405
140 27.1978 44.3 356234652251420251142562463153031156252133253642451042254331052501320200663435243002312614402250624155312305303151466151660423303602536334224213612023201036600546354056455040201250540155121153314450151456254430043550430456012321453140362410412
150 27.85098 46.65 356234652251420251142021435153031156252133253642451053423650250030305400653135243002312664402250624015462305303152466151660610133336436364023213612023201036600546354056455040201250540155121153314450151456254430043550403216322332405142232460011
160 27.71199 44.35 356234652251420251141062463153031156252133253642451042254650250030320200653135243002312664402256624155312325303151466151660423303202536364003320062023212536600546354056455040201250540155121153314450151456254430043550403216322431453140252660015
170 27.82078 44.95 356234652251420251141062435153031156252133253642451042254353250030335400653160243002312644202250624050406305303152166151660610133602536364223113662623212536600516354056455040201250540155123153314450151456254430043550430466312632405163024056405
180 27.81068 46.35 356234652251420251142562463153031156252133253602231053454353050050305220655440143004012244202250624050406305303151166151660423303602436334023513655623212536600546354056455040201250540155121153314450151456254430043553233416322332405160362456412
190 28.19224 43.12 356234652251420251141562463153031156252133153642431052254353250030335422663430243002312664402250624055312505303152166151660423303336616364003210062023212536600546354056455040201250540155121153314450151456254430043550430461312632405142224060011
200 28.38601 44.6 356234652251420251142562463153031156252133153642451053423650250030305222653135243002312644202250624015312505303151466151660423303602536334223110062023212536600546354056455040201250540155121153314450151456254430043550403216322322405160362456412
210 28.41639 47.85 356234652251420251141062463153031156252133153642451042254650250050335400653160243002312264402250655050402525303152166151660423333206616364004223655023212536600546354056455040201250540155121153314450151456254430043550403261322322405160362456412
220 28.24675 42.4 356234652251420251141562463153031156252133153102451042255431252330305422653435243002312244402250655015466305303152166151660423303602536334224220062023212536600546354056455040201250540155121153314450151456254430043550400461322432455142235605441
230 28.58424 47.05 356234652251420251141062463153031156252133153642451042253650250050305222663435243002312244202250655050402525303152166151660423303602536364223213612023212536600546354056455040201250540155121153314450151456254430043550403216322332455160231655405
240 28.623540000000002 47.85 356234652251420251142562463153031156252133153102451053454350250050305240663165243002312244202250624150416305303152166151660423303602516334224220062023212536600546354056455040201250540155121153314450151456254430043550400461322432453142224456412
250 29.290580000000002 51.7 356234652251420251141062463153031156252133153642451042254350250030305222653160243004312244202250655050406305303152166151660423303602516334224220062023212536600546354056455040201250540155121153314450151456254430043550403216322321453140252505441
260 29.32938 44.65 356234652251420251141062435153031156252133153102431053454350250050305222653135243002312244202250650655412305303152166151660423333202436352003320062023212536600516354056455040201250540155121153314450151456254430043550430461322332453142224410101
270 29.51659 49.05 356234652251420251142562463153031156252133153642431042254350250030305222653160243002312244202250650650406305303151166151660423333202436352003320062023212536600546354056455040201250540155121153314450151456254430043550400461312321405142222505441
280 29.398169999999997 50.15 356234652251420251141062435153031156252133153642451052254350250030305222653160243004312644202250624615402525303152166151660423333636616332003323662023212536620516354056455040201250540155121153314450151456254430043550400461322432453142055410101
290 29.92593 45.95 356234652251420251142062435153031156252133153102451042254650250050305222653160243002312644202250625055312305303152166151660423303602536332003220062023212536600546354056455040201250540155121153314450151456254430043550430461312321453140252505441
300 29.47485 51.05 356234652251420251141062465153031156252133153642451042254650250050305222663435243002312644202250624010312525303151166151660423303602511334003220055023212536600516354056455040201250540155121153314450151456254430043550430466322331405162055410101
310 29.83268 48.2 356234652251420251141062465153031156252133153102451042254650250030305222663444153002312644202250654150462305303152166151660423333602536334224313662023212536600516354056455040201250540155121153314450151456254430043550430466322331403142235665441
320 29.76322 46.65 356234652251420251141062463153031156252133153642451042254650250050305222653134153604312244202255624010312525303151166151660423333602511334203320662023212536600546354056455040201250540155121153314450151456254430043550400461312321453160224505411
330 29.62424 43.55 356234652251420251141562463153031156252133153642431042254350250050305222663135243004312244202250655050402305303152166151660423333602616334003320062023212536600546354056455040201250540155121153314450151456254430043550400461322332453142235666441
340 29.71585 47.4 356234652251420251141062463153031156252133153642451052254350250030305222653134153604312644202255655050406525303152166151660423303202416334003320062023212536600516354056455040201250540155121153314450151456254430043550400461322321453140252505441
350 30.01931 49.8 356234652251420251141062463153031156252133153642451042254650250050305222653135243002312244202250655050402525303152166151660423333602536334003323665023212536600546354056455040201250540155121153314450151456254430043550400461322321405140235665441
360 29.87171 47.65 356234652251420251141062463153031156252133153602451042254650252330305220653135243604312644202255655050402325303152166151660423333602536334003320062023212536600516354056455040201250540155121153314450151456254430043550430211322321405142265505411
370 29.796580000000002 44.7 356234652251420251141562463153031156252133153642451043254650250050305222653130243002312644202250655050402505303152166151660423303602516334003320062023212536600516354056455040201250540155121153314450151456254430043550400466312331405160224505441
380 29.94743 49.1 356234652251420251141062463153031156252133153642451042254650250050305222663435243004312244202250655010406305303152166151660423333602536334003220062023212536600516354056455040201250540155121153314450151456254430043550400461322321453142232505441
