Population: 500
Generations: 150
Steps: 200
Sessions: 100
Elitism: 0.1
Crossover: 1
0 -451.50738 -44.57 200420410200566644265140350056443404624561060144413603501113406263411342260466600404422236263325503015664641520266661252033220532343444664564550104541330214563304011462425161633413451342165016333143011246256560124454220122445546064213451502653
10 -41.155919999999995 2.8 611301414060632056054035104350545400510442661333520504010166242551120330340634132440046402423503620343221223543036101513332402313445166116516126260003116544264341611435144152326453435446600442524450416251144331002306065466616141035610202166441
20 1.4613 6.2 352242452064254053234302101051301002266542453425531063204116145511612435042551366340120643252644163340331421203121200111152040654620415211010340514360163241260064336413441160611455233065055444514152646461155464533435360136542151236603141244352
30 5.00186 8.3 023222502410352452331106341611556156121314151423135214142406114511640241036644624023046553443056043661305610625335220425164241562523411222213343521163625626625064416235455121446456263304420642521154353623455454032435001226441514236452141103315
40 5.661899999999999 9.2 052221302003264455053105444011021450243342054263321040302522402562064102443654134024046546363360023260302424450135620034466610036501521552430336651562365101626011465456452462126453316250550646434150356261153246410416013626442562534652420152021
50 9.747200000000001 14.0 103041244053334455054042204555005156143264153122330111131462042222126333412333512120240216153063423540532421123115016325145406501521165621646300064620126026022211631250454413140451214253456445443151346456154244434635604552214502035412140165341
60 11.81738 16.5 102601204012334452434305162225065152103234156222424066641412225242036030404536116645043506153340445312365324105625016325400043636324515646620326521366364501026120411416452422246456632310465644151151343253153544134433004522352502012614401133326
70 12.13644 16.3 106041404053364453511355244250063152141644154424124246601025245322136145413356316440035503111363661662332361100335506325465006562521515020616322024063640541026511315316455453310451534315412652361153353260151104110332303626341504600653041664321
80 12.099200000000002 16.6 413041044013264452454006424251221151043612156264125261101062222662110140414355316120046506112566445342361331115631016424462646504525566340610304604366126041326216115310454623536453252312412142321151346466151542510333010662544502506640521164342
90 12.143139999999999 16.3 416202442003234455551345204501004151226042156264531646660422425263011143414653260120040516142363045345335421126635016435465045661325516341633330624366160041026120115450454622531456234365450646351151246464154214464436004666542044635654040136442
100 12.4062 16.95 113041402012264453053005204055263156141314156464425240640422422364511140414336314425045016143566143642533421606236526425145043662223262041616324026620160101156020410356451622131451234360023646311150326453151204115330406336551503205652000664445
110 12.38518 17.1 153601004011354455555342402250264152042343156463135260141422422323111145414656360120040006112360445542333436406525150445163045202561511042446360661664624101022011412451455222236453214360060142344150326466151314460330461332541564635403040646142
120 12.4632 18.5 113202444052264451555305401211265153042314154463425161660402445363116003414654634440445206111323443600535426406535110444463046564563512342630336301666160001026211412420455422536453314365053446464151326266151304114633064626552504605443041166146
130 12.43932 16.7 013042442014334451555306401210004153226340154264324260200405025364111143014654514140040500123363443602335435406535110444460046664524214321610361661636164501326016465310455422531456314510563146361151224456151306115654006326311062635402000146122
140 12.3865 18.1 013642444053354452555305404511265153146313156262325640640462425262114143414636334644040506113366445542533435426021116424463044206525264042446336604366163546056110115456454622236453234360452146361150226260151516114331406362312044635004041164426
150 12.3571 17.3 152642402013364452553305421010065152126040153264325160161465245364436000014655314620040516122363445640335431606531126424463046606521412322616320601666164501022016410410455622240451234310554646311151346453151504116431403336351504636452101164145
