Population: 100
Generations: 500
Steps: 200
Sessions: 100
Elitism: 0.1
Crossover: 1
0 -448.3128 -104.94 105162553600663245662425046134331512212515015324332340222423413051604545460033610421610465562521212053605304604254154442633462312504105504415166265420253156621426422352564016066123522401364562466460154662266254514305135636532132456021055213103
10 -61.96979999999999 -1.77 266622645355241222141431456120250124532353566450664624523445563633312564634660600024503641462230644303046435453615440626020546613125461213352540215260253455556665233332443663346444343501555636451620636422421134062656124425344336265064152021331
20 -4.7375 5.4 360621462352311211143325552106105006333252152144645630513422525643332564634050204143043241162630643506616434433340120646300456010245460603552146245522256445021655563515451553151440341534053526404155605236451330062522422033131410261101102365321
30 4.42 6.1 366121442352311225314446454046150044365333256054240420564522663643341264614250504134003143052330143006156065354644246324351450115225661063352216041522261432524162533555451445150450341544036206404450302210451100062552322033134416165664102063350
40 5.022 6.3 360622562352213225064436556003555004565353252424661420464522664143341244530050234133403142050633643602155064354335446326341446016245660003552255241222246432521155533545454442151450341034446226452455302616451630002552416342104406261161104523355
50 4.936 6.0 266622566356611251064336556006150002435353466024241650463522664143340564630620234133003641022633143602135014354344446354341546010145630463552515211262256402521165533545451443151450345044456226401455302616455624062526316343104456261101102523350
60 5.021 6.2 360622562356211251064436553006550002463353456424261650564622663143331564564623234034003142020633643602135024054326141324351556016245630663552216041222266206021152531543454453151450343044456226401450302616451630062522326343104402261101102523550
70 5.026 6.1 360622562356211211064426556046100126423353454424261650564622663143341244514623234034003141450630143602136014354344241356351556010145660463551215245222256402526155533543454452551450343544456226401450302616455630002522416333104456261104152523350
80 5.081 6.4 360622566352613211364436556046150006423353256444661650564622664143341264664620234033003141450533143602135014054344141356351546010225630463551215041222256202526152531543454442551450343544456226401455302616455634002522416343104456261164102565350
90 5.029 6.3 260622542352211211364425556043105006423353256444261650564622663143331564664650234033003141450530643602156014054344441326351556010225030463551215011122256406526152533543454453551450343544456226401455302616455634002552416343104456261161104565350
100 5.08 6.2 366622546356611211364426556243100006423353456424260650464622663343331564514620234033003141450633643602136014054344441356351546016125450063551215041222256206526155531543454453151450343044456226401450302616455634062552416333104456261161102565350
110 4.887 6.3 360622546356611211364425556203100006423353256424260650564622663343331264514650234033003142450633643602136014054324141356351556010225650663551215041222256406526152533543454452151450343544456226401450302616451634062552416333104456261164102565350
120 5.042 6.4 360622546352611211364426556203100006423353256424260650563622663343331564664653234034003142450633643602136014054346141356351556016225450663551215041222256406526155531543454452551450343544456226401455302616455634002552416333134456261161104565350
130 4.988 6.0 360622546356611211364425556243150006423353256424660650563622663343331264664623234033003142450633643602136014054344141356351546016125050663551215041222256406526155531543454452151450343544456226401455302616455634062552316333134456261104104565350
140 5.021 6.1 360622546352611211364426456243150006423353256424660650464622663343331264664653234033003142450633643602136014054344141356351546016125050663551215041222256402526155533543454452151450343544456226401450302616451634002552416333134456261161102565350
150 4.984 5.9 360622546352611211364425556243150006423353256424660650564622663343331264614653234034003142450613643602136014054344141356351546016225050663551215041222256402526155531543454452151450343544456226401450302616451634062552416333134456261161104565350
160 4.927 5.9 360622546352611211364425456243150006423353256424260650563622663343331264664623234033003142450613643602136014054344141356351546016225050663551215041222256406526155531543454452151450343544456226401450302616451634062552416333134456261164104565350
170 5.013 6.1 360622546356611211364426456243150006423353256424660650564622663343331264664653234034003142450613643602136014054344141356351556016225050663551215041222256402526155531543454452151450343544456226401450302616451634062552416333134456261164104565350
180 5.042 6.4 360622546356611211364426456243150006423353256424660650563622663343331264664623234034003142450633643602136014054344141356351556016225050663551215041222256402526155531543454452551450343544456226401450302616451634002552416333134456261161104565350
190 4.976 6.4 360622546356611211364426556243150006423353256424660650563622663343331264664653234034003142450613643602136014054344141356351556016225050663551215041222256406526155531543454452551450343544456226401450302616451634002552416333134456261161104565350
200 5.053999999999999 6.1 360622546356611211364426456243150006423353256424260650564622663343331264614653234034003142450633643602136014054344141356351546016225050663551215041222256406526155531543454452551450343544456226401450302616451634002552416333134456261164104565350
210 4.965 6.2 360622546352611211364425456243150006423353256424660650564622663343331264664653234034003142450633643602136014054344141356351556016225050663551215041222256406526155531543454452551450343544456226401450302616451634002552416333134456261164104565350
220 4.987 6.1 360622546352611211364425456243150006423353256424660650564622663343331264664653234034003142450633643602136014054344141356351556016225050663551215041222256406526155531543454452551450343544456226401450302616451634002552416333134456261164104565350
230 5.127000000000001 6.2 360622546352611211364425456243150006423353256424660650564622663343331264614653234034003142450633643602136014054344141356351556016225050663551215041222256406526155531543454452551450343544456226401450302616451634002552416333134456261164104565350
240 5.029 6.0 360622546352611211364425456243150006423353256424660650564622663343331264664653234034003142450633643602136014054344141356351556016225050663551215041222256406526155531543454452551450343544456226401450302616451634002552416333134456261164104565350
250 4.999 6.3 360622546352611211364425456243150006423353256424660650564622663343331264664653234034003142450633643602136014054344141356351546016225050663551215041222256406526155531543454452551450343544456226401450302616451634002552416333134456261164104565350
260 4.99 6.1 360622546352611211364425456243150006423353256424660650564622663343331264664653234034003142450633643602136014054344141356351546016225050663551215041222256406526155531543454452551450343544456226401450302616451634002552416333134456261164104565350
270 4.9830000000000005 6.2 360622546352611211364425456243150006423353256424660650564622663343331264664653234034003142450613643602136014054344141356351546016225050663551215041222256406526155531543454452551450343544456226401450302616451634002552416333134456261164104565350
280 5.021 6.5 360622546352611211364425456243150006423353256424660650564622663343331264664653234034003142450633643602136014054344141356351556016225050663551215041222256406526155531543454452551450343544456226401450302616451634002552416333134456261164104565350
290 4.996 6.1 360622546352611211364425456243150006423353256424660650564622663343331264664653234034003142450613643602136014054344141356351546016225050663551215041222256406526155531543454452551450343544456226401450302616451634002552416333134456261164104565350
300 4.94 6.0 360622546352611211364425456243150006423353256424660650564622663343331264664653234034003142450613643602136014054344141356351546016225050663551215041222256406526155531543454452551450343544456226401450302616451634002552416333134456261164104565350
310 4.94 6.3 360622546352611211364425456243150006423353256424660650564622663343331264664653234034003142450613643602136014054344141356351546016225050663551215041222256406526155531543454452551450343544456226401450302616451634002552416333134456261164104565350
320 4.997 6.2 360622546352611211364425456243150006423353256424660650564622663343331264664653234034003142450613643602136014054344141356351546016225050663551215041222256406526155531543454452551450343544456226401450302616451634002552416333134456261164104565350
330 5.01 6.0 360622546352611211364425456243150006423353256424660650564622663343331264664653234034003142450613643602136014054344141356351546016225050663551215041222256406526155531543454452551450343544456226401450302616451634002552416333134456261164104565350
340 4.989 6.3 360622546352611211364425456243150006423353256424660650564622663343331264664653234034003142450613643602136014054344141356351546016225050663551215041222256406526155531543454452551450343544456226401450302616451634002552416333134456261164104565350
350 4.998 6.1 360622546352611211364425456243150006423353256424660650564622663343331264664653234034003142450613643602136014054344141356351546016225050663551215041222256406526155531543454452551450343544456226401450302616451634002552416333134456261164104565350
360 5.058 6.2 360622546352611211364425456243150006423353256424660650564622663343331264664653234034003142450613643602136014054344141356351546016225050663551215041222256406526155531543454452551450343544456226401450302616451634002552416333134456261164104565350
370 4.9639999999999995 6.4 360622546352611211364425456243150006423353256424660650564622663343331264664653234034003142450613643602136014054344141356351546016225050663551215041222256406526155531543454452551450343544456226401450302616451634002552416333134456261164104565350
380 5.019 6.2 360622546352611211364425456243150006423353256424660650564622663343331264664653234034003142450613643602136014054344141356351546016225050663551215041222256406526155531543454452551450343544456226401450302616451634002552416333134456261164104565350
390 5.0280000000000005 6.5 360622546352611211364425456243150006423353256424660650564622663343331264664653234034003142450613643602136014054344141356351546016225050663551215041222256406526155531543454452551450343544456226401450302616451634002552416333134456261164104565350
400 4.935 6.2 360622546352611211364425456243150006423353256424660650564622663343331264664653234034003142450613643602136014054344141356351546016225050663551215041222256406526155531543454452551450343544456226401450302616451634002552416333134456261164104565350
410 5.045 6.3 360622546352611211364425456243150006423353256424660650564622663343331264664653234034003142450613643602136014054344141356351546016225050663551215041222256406526155531543454452551450343544456226401450302616451634002552416333134456261164104565350
420 4.958 6.0 360622546352611211364425456243150006423353256424660650564622663343331264664653234034003142450613643602136014054344141356351546016225050663551215041222256406526155531543454452551450343544456226401450302616451634002552416333134456261164104565350
430 4.936 6.1 360622546352611211364425456243150006423353256424660650564622663343331264664653234034003142450613643602136014054344141356351546016225050663551215041222256406526155531543454452551450343544456226401450302616451634002552416333134456261164104565350
440 5.019 6.6 360622546352611211364425456243150006423353256424660650564622663343331264664653234034003142450613643602136014054344141356351546016225050663551215041222256406526155531543454452551450343544456226401450302616451634002552416333134456261164104565350
450 5.032 6.6 360622546352611211364425456243150006423353256424660650564622663343331264664653234034003142450613643602136014054344141356351546016225050663551215041222256406526155531543454452551450343544456226401450302616451634002552416333134456261164104565350
460 4.954 6.4 360622546352611211364425456243150006423353256424660650564622663343331264664653234034003142450613643602136014054344141356351546016225050663551215041222256406526155531543454452551450343544456226401450302616451634002552416333134456261164104565350
470 5.033 6.2 360622546352611211364425456243150006423353256424660650564622663343331264664653234034003142450613643602136014054344141356351546016225050663551215041222256406526155531543454452551450343544456226401450302616451634002552416333134456261164104565350
480 5.165 6.5 360622546352611211364425456243150006423353256424660650564622663343331264664653234034003142450613643602136014054344141356351546016225050663551215041222256406526155531543454452551450343544456226401450302616451634002552416333134456261164104565350
490 5.019 6.1 360622546352611211364425456243150006423353256424660650564622663343331264664653234034003142450613643602136014054344141356351546016225050663551215041222256406526155531543454452551450343544456226401450302616451634002552416333134456261164104565350
500 5.087 6.3 360622546352611211364425456243150006423353256424660650564622663343331264664653234034003142450613643602136014054344141356351546016225050663551215041222256406526155531543454452551450343544456226401450302616451634002552416333134456261164104565350
