Population: 200
Generations: 500
Steps: 200
Sessions: 100
Elitism: 0
Crossover: 1
0 -442.1616 -112.81 346164522421011545122411332035260215250360152013531611340134345436533160604003222226536321624213325145033243465255123253514014246203121611612340233060254633531452432621125230412646433252365136344125140425435535352044625606036213336212424300653
10 -46.8242 1.3 630643621330052135156304521343602266500224546203166361662513553435202163425103245214501041246261325565363203025345625223510411653224105023506623443300263466330424032443444645302241001633026421602442450343211016036004415261351301316236450032501
20 0.9045000000000001 6.6 061513621633046134453005611044304244621103542214004064624123246343213215244654025226601524632401144511653234413414655643561411226426010461166623543315456065133426031211454546232250401156066531236452453313450016233052005524456661336234110362323
30 5.65125 7.8 650645446350145624434554606633100340006555045350061561665132253265510435323603025314403444602625324565143200310154045643311465626260064463206621346414616565150456035613454646232251401156023432630455453313250366333050035321404631016223350130225
40 6.28 7.8 650143421225342130426505616336660354621123622652405566642331343261500033245100625224303422222461424564346233045251653213311215626064010461566523316110250556313156042613454646322256031156023431632452451312250516333000035321456661066223150362303
50 6.232 7.7 050545421546042460426355006043303240000163042132300536602430453201505462413660002264321444302406425511143203025051623163520614646020000060506622342313256056133156035603454640352251006356026131632452450413251511033012035361454631066234110102325
60 6.229 8.0 660545403524042460423255516043103240000103042150605566602130443365210031233664005216325544502446125014041203005254525113320214626425020061566622342310656055133056035403454646213251401626023431602452450412250316333010035361406431416226230202225
70 6.2485 7.8 050540423245042460423555536046640250051205042650665135602131453341505031243664005215323544522466125501146233005255555623511415626025020461106622346310252055133556035403454645352251401154023132632452453412250316033050035361451631436226150332323
80 6.3085 7.9 651545421245042430423205536031340040621503042132605564602421243341515031443660045224303544522461425061022203015051523223511411226025010061506622342310422055133056035413454645313251406154026531652452450312250316033052035361401636016226650300303
90 6.295 7.9 061545421256042460423205536036140240626123042152605565602130243301505401443650005224323044522401425014122233005155525223511411626020010061166622346310656055133126035413454645352256436156025231232456450412250311333010035361404666016236650302305
100 6.2785 7.7 050545421245042430424205606631160056626143642650605534602131443341515401243650005224323044522401425004046203005155523263561411626420410031106622346310256055133056035413454645252250406656023231652452450413250316333012035361406631036226150302323
110 6.2275 7.9 051545421246042460424255506033340250626503022630605505602130243301515031213660045264303044502461425511146203045155523363361415226020400061506622346110252055133156035413454642312251431654025231632456450413250316333012035361404631016224650300323
120 6.247000000000001 7.8 650545421245042430423205606046300256650203042652605505602120263341215431243660005224303044521401125064146203045155523223261414626425000061106622346110226055133156035413454642213251401654023231652452450412250316033012035361401631036223650300323
130 6.249 8.5 650545421246042460424205600043600256651543042652605535602130253341210032243650005264603514521261425014121203015251525323521415626425000061566622346110256055133056035413454642252256431654025231652452450312250316033052035361404631036224650302323
140 6.2445 8.3 650545421256042465424205636041300250650143042650665535602430263341215411243650005264603544521401425004121203015151525263261414626025020061166622346310222055133156035413454642253250401654025232632452450413250316033050035361404631036236150300303
150 6.228 7.7 651545421246042460424255636033300246620543622650605535602430253341515431243650005224603544521401425001122233005155523223561411626225000461506622346310252055133056035413454642352256431656023231632452450412250316033052035361404636036224650300323
160 6.313 7.7 651545421256042460424205606043340246621243642650665565602120263341215431243650045224303014501401425011121233045255525263261415626225020061566622346110226055133056035413454642312250401654023231632456450412250316033012035361404431036226150300323
170 6.329 8.2 651545421246042430424255606043300246620543642612665535602130253341210431243650005264303514521201425004121203015155525223361411626025000061566622346310256055133056035413454642213251401654025231652452450412250316033012035361404431036224650300323
180 6.2465 7.7 061545421246042460424255600043300246620143042612605535602120263341515431243660045264323044521261425014121235045151525263361411626220000061566622346110256055133056035413454642252256431654025232652452450312250316033012035361404636036226150300323
190 6.309 8.1 651545421246042430424205600033300246050143622652665505602430263341210431243660045224323014521261425011121235005155525223261415626225000061166622346310252055133056035413454642353256431656025232652452450412250316033010035361404631036224650300323
200 6.2475 7.8 651545421256042460424205600043300256620143022612665565602420263341510431243650005264323044522201425011121235045151525223361415626225000061566622346110226055133056035413454642252251431654025232652452450412250316033012035361404631036224650300323
210 6.246 7.7 051545421256042460424255606041300256620543642612605535602130263341515431243650045224523544522401425001121203015155525263361415626220000061166622346110256055133056035413454642252251431654025232652452450412250311033012035361404631036224650300323
220 6.3635 7.8 661545421246042460424255606043300246620143022652605565602120263341215431243650005224523544521461125014121233015155525263361411626225000061566622346310252055133056035413454642252251431654025232652456450412250316033012035361404631036224150300323
230 6.202999999999999 7.9 651545421246042460424255606043300256620543622612665535602420253341210431243650005224503044522261425001121233045255523263361415626225000061566622346310256055133056035413454642213256431654025232652452450412250316033012035361404631036226150300323
240 6.1925 7.7 651545421256042460424255606041300250620543622652665535602120253341510431243650005224503044522261425004121233045255525263361411626225000061166622346110252055133056035413454642252256431654025232652456450412250316033012035361404631036226150300323
250 6.2265 7.7 651545421246042460424205606031300250620543022612665535602120263341215431243660005224503044522261425001121233045255525263361415626225000061566622346310252055133056035413454642252251431654025232652452450412250316033012035361404631036226150300323
260 6.2989999999999995 7.7 650545421246042460424255606031300246620543622612665535602120263341510431243660005224523044522261425004121233005255525263361415626225000061166622346110256055133056035413454642212251431654025232652456450412250316033012035361404631036226150300323
270 6.225499999999999 7.7 650545421246042460424205606043300246620143022652665535602120253341510431243660005224503544522261425011121233005155525263361415626225000061566622346110252055133056035413454642212251431654025232652456450412250316033012035361404631036226150300323
280 6.242999999999999 8.0 650545421246042460424205606043300256620543622652665535602420253341510431243660005224503044521201125011121233005255525263361415626225000061166622346310252055133056035413454642252251431654025232652452450412250316033012035361404631036224150300323
290 6.278 8.2 651545421246042460424255606031300256620143622652605535602120253341515431243650005224503044521261125011121233005255525263361415626225000061166622346310252055133056035413454642252251431654025232652452450412250316033012035361404631036226150300323
300 6.231 7.7 651545421256042460424255606033300256620143622652605535602120253341210431243650005224503044522461425011121233005255525263361415626225000061166622346310252055133056035413454642252251431654025232652456450412250316033012035361404631036226150300323
310 6.311 7.8 651545421256042460424255606031300256620143622652605535602120253341210431243650005224523044521401125001121233005255525263361415626225000061566622346310252055133056035413454642252251431654025232652456450412250316033012035361404631036224650300323
320 6.2665 7.9 651545421246042460424255606031300256620543622652665535602120253341510431243650005224503044522261125001121233045255525263361415626225000061166622346110252055133056035413454642252251431654025232652456450412250316033012035361404631036224650300323
330 6.2845 7.7 651545421246042460424255606031300256620543622652665535602120253341210431243660005224503044522261125001121233045255525263361415626225000061566622346310252055133056035413454642252251431654025232652452450412250316033012035361404631036226150300323
340 6.2155 7.7 650545421246042460424255606031300256620143622652665535602420253341210431243660005224523044521261125001121233045255525263361415626225000061166622346110252055133056035413454642212251431654025232652456450412250316033012035361404631036224650300323
350 6.2975 8.4 651545421246042460424255606033300256620143622652665535602120253341210431243660005224523044521261425001121233045255525263361415626225000061166622346110252055133056035413454642252251431654025232652452450412250316033012035361404631036224150300323
360 6.2445 7.8 651545421246042460424205606031300250620143622652665535602420253341215431243660005224523044521261125001121233045255525263361415626225000061566622346310252055133056035413454642212251431654025232652452450412250316033012035361404631036224150300323
370 6.201499999999999 7.6 650545421246042460424255606033300250620143622652665535602120253341210431243660005224523044521261125001121233045255525263361415626225000061166622346110252055133056035413454642212251431654025232652456450412250316033012035361404631036224150300323
380 6.3420000000000005 7.9 651545421246042460424205606033300256620143622652605535602120253341210431243660005224523044521261125001121233045255525263361415626225000061566622346310252055133056035413454642212251431654025232652456450412250316033012035361404631036224150300323
390 6.320499999999999 8.2 651545421246042460424255606033300256620143622652665535602420253341210431243660005224523044521261125001121233045255525263361415626225000061166622346110252055133056035413454642252251431654025232652452450412250316033012035361404631036224150300323
400 6.295 7.8 651545421246042460424205606033300250620143622652665535602120253341210431243660005224523044521261125001121233045255525263361415626225000061566622346110252055133056035413454642212251431654025232652456450412250316033012035361404631036224150300323
410 6.2995 7.7 651545421246042460424205606033300256620543622652665535602420253341210431243660005224503044521261125001121233045255525263361415626225000061166622346310252055133056035413454642252251431654025232652452450412250316033012035361404631036224150300323
420 6.1739999999999995 7.6 651545421246042460424205606033300250620143622652665535602420253341210431243660005224503044521261125001121233045255525263361415626225000061166622346110252055133056035413454642212251431654025232652452450412250316033012035361404631036224150300323
430 6.242999999999999 7.8 651545421246042460424205606033300256620143622652665535602420253341210431243660005224503044521261125001121233045255525263361415626225000061566622346310252055133056035413454642212251431654025232652452450412250316033012035361404631036224150300323
440 6.224500000000001 7.7 651545421246042460424205606033300256620143622652665535602420253341210431243660005224503044521261125001121233045255525263361415626225000061566622346310252055133056035413454642212251431654025232652456450412250316033012035361404631036224150300323
450 6.252000000000001 8.1 651545421246042460424205606033300256620143622652605535602420253341210431243660005224503044521261125001121233045255525263361415626225000061566622346310252055133056035413454642212251431654025232652452450412250316033012035361404631036224150300323
460 6.271 8.3 651545421246042460424205606033300256620143622652605535602420253341210431243660005224503044521261125001121233045255525263361415626225000061566622346110252055133056035413454642212251431654025232652452450412250316033012035361404631036224150300323
470 6.224500000000001 8.1 651545421246042460424205606033300256620143622652605535602420253341210431243660005224503044521261125001121233045255525263361415626225000061566622346310252055133056035413454642212251431654025232652452450412250316033012035361404631036224150300323
480 6.268 8.1 651545421246042460424205606033300256620143622652605535602420253341210431243660005224503044521261125001121233045255525263361415626225000061566622346310252055133056035413454642252251431654025232652452450412250316033012035361404631036224150300323
490 6.244 8.0 651545421246042460424205606033300250620143622652605535602420253341210431243660005224503044521261125001121233045255525263361415626225000061566622346310252055133056035413454642212251431654025232652456450412250316033012035361404631036224150300323
500 6.2425 7.9 651545421246042460424205606033300256620143622652605535602420253341210431243660005224503044521261125001121233045255525263361415626225000061566622346310252055133056035413454642212251431654025232652452450412250316033012035361404631036224150300323
