Population: 500
Generations: 150
Steps: 200
Sessions: 100
Elitism: 0.1
Crossover: 0
0 -459.17416 -41.42 465443401532550335363651306652502221251643222643233210600141432350515240102035256531530551534645332030406640653214060601641224563632046532434253662621236410111552613003443132620544603615365636653241125234455000352353042520553531105104646023020
10 -44.70714 4.1 145432405122104264454524523632230061465516553232066440040665613660052323562352034514360100602320456403460143422204630631315263543350346100153521246460110434306514142555452636655451014613625354154450062652441546040515206220145512664141532251451
20 1.78698 7.4 112021455152660456201005246324155041645454151601330412302453612633411344252141234132362143402213446324333613011641215434225205042342334342253443004523101243041165534646440315155450560213325140656152216142152026314123426155304466634266255264324
30 4.965319999999999 9.8 442056450234236053360121325041240054413214452633430411265510065660445621440630501354163205602343405101464135221331615430424145230443266200250663224460206614310435333462456262320454124603641453636153316150153011554636006450041253624250356536246
40 9.50164 18.05 442366450266336152545201330240160152143231151005040541032632616462054600063614231631240425414024604154345665162621210404224244235011545102256430204225610203442553653155452436155453265204033451642152116613153316545632546620355462026253314212251
50 14.3284 22.33 136055256256653254145225012444264151260442156651426353203502263463533501662132631650363000253002266156344143013306115436424216246553021015242203254245006614001404350444451135155452122303633652146153316122155520454140546650612410036250314542001
60 16.40332 26.6 152601252350132255406225455044264153253352152031054640360042426431212431443615104310645105653056045556343165151631110614110145242055213530243406024465602403442234243441453354365451325233664130242150360121155424055344402450365401354213505212005
70 19.2445 33.35 253415052250302255543235655044203155010265154521246540340556666452253440442634534653160005652036615351344031356652216616311243235052246504220046252404540216342203150422456115622452224350633150132153340663150545453540046540662400304620263362622
80 22.99786 42.25 156005250253332254046021064110234155253454156604436611202622142463243044445034001653623100655331661356204163050400210410313204242643011204250646052404010624624503423432451164122452431003633151132153346123151526444146626450365310334233412552001
90 29.57146 52.7 153631250253232255643031513114103154253445156601046441203043166453256040642014134653343005255032616353344623050456026614311242646340121040250543002445102505344004150131451356652451146304635150252152360613153021053641606610615256350625403511625
100 41.28858 61.95 152631253253350255440035554614164152253465152631440431200022160453253040440014401651643640655032606056240623054636116610413242046340121505252036055045152505321554153433453155125454321363605652146153340423150426553144434540613403020233202532002
110 53.902699999999996 83.72 152656253250333255446001056614633154253265154431455641202006120441253041342034134651366005252036116353340623054336426616111001646340231000250046052445636505631056151436456156365451231163635652142153240423155441555146534640514453020653432252621
120 62.574160000000006 83.2 154651250253334255446035065114634152253235150031046621242022140453253001042035030651363000254036406356344633056356616616313402646640611044252033255045153544622054150136456154351454151263635452156152316160154446553146524610611303050623215312601
130 67.08162 92.5 154636256253330254446035064614634152255335154034445611202006620453243044442012101651365005254052601356344663051330616614133052636340616041200046055045113526620026150431456154155451441304655252156153316460151426555146504610215402520633205312301
140 70.12036 90.75 152635250253333254446031062614134151253335156031455621203026420451253541045032104651365105252056201356334663056330415616333001646640631005256543052444253626321056150132452155355451122604645152152153316163154446553146434610513453520253233165612
